Compare Values
A  1     8    15    22    29    36    43
   1.5   8.5  15.5  22.5  29.5  36.5  43.5
B  2     9    16    23    30    37    44
   NO SHARP
C  3    10    17    24    31    38    45
   3.5  10.5  17.5  24.5  31.5  38.5  45.5
D  4    11    18    25    32    39    46
   4.5  11.5  18.5  25.5  32.5  39.5  46.5
E  5    12    19    26    33    40    47
   NO SHARP
F  6    13    20    27    34    41    48
   6.5  13.5  20.5  27.5  34.5  41.5  48.5
G  7    14    21    28    35    42    49
   7.5  14.5  21.5  28.5  35.5  42.5  49.5